 -122.392975 38.989182     12.5
 -123.140854 38.833820    112.5
 -122.732956 38.804455   1287.5
 -120.642258 37.047218   -112.5
 -121.188988 37.621426   -312.5
 -121.133415 36.815331    887.5
 -123.208115 38.796604  -1475.0
 -121.447708 36.635380  -1525.0
 -121.670547 36.651207  -2825.0
 -120.650314 37.050953  -3100.0
 -122.087837 38.459736 -26700.0
 -122.236404 38.375309 -26700.0
 -123.455467 38.197960 -18300.0
 -122.147324 38.265911 -21500.0
 -122.143646 37.547634 -17700.0
 -122.019905 37.645317 -11700.0
 -123.105812 37.703144  -8500.0
 -121.178986 36.752441  -3100.0
