-122.3930 38.9892     12.5
-123.1409 38.8338    112.5
-122.7330 38.8045   1287.5
-120.6423 37.0472   -112.5
-121.1890 37.6214   -312.5
-121.1334 36.8153    887.5
-123.2081 38.7966  -1475.0
-121.4477 36.6354  -1525.0
-121.6705 36.6512  -2825.0
-120.6508 37.0562  -3175.0
-122.0878 38.4597 -26700.0
-122.2364 38.3753 -26700.0
-123.4555 38.1980 -18300.0
-122.1473 38.2659 -21500.0
-122.1436 37.5476 -17700.0
-122.0199 37.6453 -11700.0
-123.1058 37.7031  -8500.0
-121.1793 37.0977  -3175.0
-123.8505 38.4233   2000.0
-123.8505 38.4233     -1.0
