-122.7655 38.9735   1187.5
-122.3684 38.6190     12.5
-123.1338 37.6756  -5150.0
-122.6263 39.0869  -5150.0
-121.9825 37.8910  -4250.0
-123.5799 38.2535   -237.5
-123.5799 38.2535    237.5
-122.4789 38.1837   -237.5
-121.5241 38.0427   -212.5
-121.0312 37.4019  -3075.0
-121.1457 37.0511   -437.5
-121.6428 37.0455   -412.5
-123.8821 38.4024  -3175.0
-121.1152 37.6281  -2975.0
-121.3781 37.9121 -29700.0
-120.7705 37.2387 -18100.0
-123.0130 40.9916   2050.0
-123.2376 40.9734  -3850.0
-118.9576 36.7146  -3550.0
-121.4770 39.2538 -31700.0
-126.3118 39.6462 -34900.0
-118.9857 36.7450 -30100.0
-123.0130 40.9916   4050.0
