-122.7655 38.9735   1187.5
-122.3684 38.6190     12.5
-122.8102 38.5669     37.5
-123.3883 37.9286  -2475.0
-120.6469 37.0518  -2025.0
-121.6890 37.8604 -42300.0
-122.5005 37.4484 -33900.0
-123.1338 37.6756  -5150.0
-122.6263 39.0869  -5150.0
-121.9825 37.8910  -4250.0
-123.5799 38.2535   -237.5
-123.5799 38.2535    237.5
-122.4789 38.1837   -237.5
-121.5241 38.0427   -212.5
-122.8345 37.3440  -1475.0
-121.3272 36.7508  -1275.0
-123.4800 38.0746  -3175.0
-120.6546 37.0606  -3025.0
-121.0312 37.4019  -3075.0
-121.1457 37.0511   -437.5
-121.6428 37.0455   -412.5
